31 
0.000000000000000e+00  
-2.362639978511905e-04  
-6.221330608476745e-04  
1.488854626233186e-03  
4.552923650849880e-03  
-3.898043091051480e-18  
-1.162120905985550e-02  
-1.047130033188568e-02  
1.476106487180606e-02  
3.302330165292722e-02  
-1.169412927315443e-17  
-6.316213282422854e-02  
-5.641053374764320e-02  
8.950506348335402e-02  
2.994229954863462e-01  
4.000000000000000e-01  
2.994229954863462e-01  
8.950506348335402e-02  
-5.641053374764320e-02  
-6.316213282422854e-02  
-1.169412927315443e-17  
3.302330165292722e-02  
1.476106487180606e-02  
-1.047130033188568e-02  
-1.162120905985550e-02  
-3.898043091051480e-18  
4.552923650849880e-03  
1.488854626233186e-03  
-6.221330608476745e-04  
-2.362639978511905e-04  
0.000000000000000e+00 